state={
	id=1
	name="STATE_1"
	provinces={
		31 42 46 57 61 139 155 167 221 266 269 319 344 358 366 393 411 440 462 470 493 530 576 579 585 599 647 715 756 827 840 844 860 861 919 981 992 1014 1016 1026 1049 1091 1093 1108 1124 1129 1172 1250 1252 1260 1272 1293 1296 1297 1304 1340 1387 1540 1600 1672 1720 1731 1750 1787 1819 1863 1877 1928 1929 1945 2045 2078 2175 2297 2309 2418 2630 2656 2708 2968 3123 3180 3270 3275 3355 3556 3597 3696 4003 4223 4380 4421 4553 4706 4882 5119 5404 5841 6181 6562 6805 6907 7061 7381 7412 7868 8051 8486 8528 8924 9333 9597 10265 10408 10490 11668 11838 12158 12441 12586 13098 
	}
	history={
		owner = FRA
	}
	manpower=110
	buildings_max_level_factor=1.000
}
