state={
	id=117
	name="STATE_117"
	provinces={
		602 615 872 983 1054 1342 1593 1983 2159 2389 2471 2672 2732 3063 3326 3380 3638 3704 3826 4010 4103 4282 4332 4561 4621 4887 5026 5152 5168 5344 5527 6129 6186 6499 6782 6953 6987 7055 7100 7324 7559 7689 7701 8073 8262 8514 8683 9565 9637 9680 9728 9820 10109 10189 10287 10387 11503 11506 11524 11536 11561 11577 11594 11615 11628 11654 11662 11683 11693 11707 11724 11738 11746 11752 11758 11773 11807 11810 11825 11827 11832 
	}
	history={
		owner = FRA
	}
	manpower=110
	buildings_max_level_factor=1.000
}
