state={
	id=12
	name="STATE_12"
	provinces={
		345 390 649 699 718 746 1317 1328 1376 1406 1408 1528 1611 1785 1861 2126 2164 2231 2361 2513 2580 2662 2836 2879 2945 2962 3055 3103 3158 3554 3609 4099 4104 4195 4250 4302 4697 5073 5074 5156 5171 5437 5551 5884 5940 6569 6680 6798 7063 7157 7594 7618 7619 7665 7730 7770 7786 7936 7951 8691 8950 9006 9173 9223 9456 9473 9727 9864 10077 10179 10186 10372 10383 10385 10477 10489 10507 10515 10521 10541 10556 10558 10561 10571 10580 10586 10593 10601 10605 10611 10627 10632 10642 10645 10660 10663 10679 10683 10692 10693 10695 10696 10698 10706 10707 10733 
	}
	history={
		owner = FRA
	}
	manpower=110
	buildings_max_level_factor=1.000
}
