state={
	id=149
	name="STATE_149"
	provinces={
		14 130 309 384 596 644 674 794 1539 1992 2372 2539 2617 2762 2835 3162 3360 3377 4168 4177 4266 4398 4728 4803 4941 4946 5624 5645 5680 5714 5930 6083 6180 6568 6660 6689 6739 6882 6978 6990 7108 7142 7305 7519 7526 7532 7984 8045 8245 9066 9071 9083 9106 10020 10135 10244 10294 11850 11909 11928 11929 11943 11946 11947 11949 11957 11975 11987 11999 12007 12021 12041 12049 12057 12079 12103 12105 12106 12130 12169 12189 
	}
	history={
		owner = FRA
	}
	manpower=110
	buildings_max_level_factor=1.000
}
