state={
	id=161
	name="STATE_161"
	provinces={
		510 1040 1077 1525 1572 1698 1723 2055 2204 2527 3041 3261 3337 3495 3596 3606 3735 3875 4050 4300 4424 4607 4785 4798 5149 5530 5662 5779 5851 5866 5965 5982 6057 6231 6237 6352 6514 6663 6770 7028 7441 7474 7707 7725 7844 8268 8794 8920 8938 9095 9113 9419 9548 9610 9626 9803 9968 9970 10046 10131 10162 10285 11938 12020 12023 12031 12032 12058 12059 12068 12069 12083 12085 12089 12113 12175 12184 12185 12193 12201 12205 12208 12216 12232 12237 12270 12282 12289 12299 12304 
	}
	history={
		owner = FRA
	}
	manpower=110
	buildings_max_level_factor=1.000
}
