state={
	id=175
	name="STATE_175"
	provinces={
		924 1369 1859 1930 3062 3120 3183 3325 3591 3827 3916 4062 4182 4376 4519 4574 4738 5274 5537 5818 5868 6275 6389 6534 6751 6762 6871 6894 6963 7346 7498 7640 7739 7791 7798 7899 7932 8210 9044 9300 9682 10150 10235 12055 12070 12078 12084 12086 12094 12121 12124 12133 12149 12157 12171 12188 12191 12195 12196 12203 12221 12223 12239 12255 12276 12286 12316 12409 12420 12430 12449 12457 12461 12480 
	}
	history={
		owner = FRA
	}
	manpower=110
	buildings_max_level_factor=1.000
}
