state={
	id=18
	name="STATE_18"
	provinces={
		702 804 985 1274 1500 1574 1762 2003 2211 2325 2337 2491 2810 2865 3150 3476 3555 3659 3670 3692 3724 3823 4016 4024 4143 4908 5307 5519 5592 5735 5754 5849 6067 6188 6351 6813 7138 7149 7188 7583 7592 7597 7645 7831 7997 8001 8057 8197 8319 8404 8649 8776 8777 9880 10008 10099 10108 10202 10301 10522 10537 10540 10548 10549 10557 10578 10598 10618 10620 10628 10651 10662 10667 10673 10684 10688 10705 10722 10746 10754 10783 
	}
	history={
		owner = FRA
	}
	manpower=110
	buildings_max_level_factor=1.000
}
