state={
	id=187
	name="STATE_187"
	provinces={
		334 903 1097 1403 1804 2039 2301 2448 2588 2959 3113 3245 3284 3374 3421 3647 4048 4114 4123 4222 4570 4609 4620 4712 4948 5015 5174 5458 5525 5941 6113 6280 6378 6542 7309 7499 7793 7856 7871 7966 8293 8452 8756 8842 8904 8921 9664 9809 10044 10141 10286 12183 12231 12234 12275 12278 12285 12305 12310 12318 12321 12347 12348 12377 12404 12405 12416 12433 12439 12440 12486 
	}
	history={
		owner = FRA
	}
	manpower=110
	buildings_max_level_factor=1.000
}
