state={
	id=201
	name="STATE_201"
	provinces={
		69 321 601 1147 1316 1330 1513 1527 1588 1858 1895 1985 2054 2139 2268 2379 2670 2769 2771 2863 3036 3094 3191 3506 3634 3939 4161 4251 4324 4338 4426 4502 4532 4594 4650 4703 4864 4927 4998 5136 5193 5246 5338 5478 5631 5683 5726 6200 6575 6618 6677 6716 6905 6917 7017 7069 7130 7281 7447 7470 7477 7703 7713 7714 7988 8026 8173 8506 8518 8537 8848 9245 9464 9759 9915 10291 12324 12350 12351 12381 12411 12414 12436 12458 12467 12469 12478 12487 12508 12510 12527 12541 12560 12576 12579 12580 12591 12654 12665 12680 12692 12693 
	}
	history={
		owner = FRA
	}
	manpower=110
	buildings_max_level_factor=1.000
}
