state={
	id=345
	name="STATE_345"
	provinces={
		237 314 619 621 938 1131 1184 1546 1665 1708 1769 2009 2350 2779 2824 2931 2982 2994 3023 3378 3394 3505 3727 3902 4147 4215 4347 4899 5115 5121 5238 5405 5473 5556 5625 5763 5817 5864 6035 6339 6886 6988 7472 7625 7676 7877 7983 8004 8178 8343 8395 8530 8677 8688 8784 8907 8932 9319 9431 9524 9559 9648 9761 9865 9962 10348 10370 10374 13288 13299 13305 13324 13357 13373 13387 13391 13398 13407 13411 13427 13431 13443 13447 13450 13463 13466 13475 13488 13519 13533 13535 13553 13570 13600 13607 13622 13673 
	}
	history={
		owner = FRA
	}
	manpower=110
	buildings_max_level_factor=1.000
}
