state={
	id=366
	name="STATE_366"
	provinces={
		67 164 230 667 893 1169 1249 1692 1765 2789 3314 3324 3492 3577 3660 3800 3864 3867 4058 4081 4152 4374 4509 4597 4726 5223 5703 5855 5933 6051 6536 6550 6935 7000 7054 7080 7316 7443 7518 7556 7808 7933 8279 8535 8586 8604 8648 8757 8956 9120 9130 9277 9369 9453 9505 9564 9895 9945 13477 13502 13510 13514 13530 13534 13541 13546 13574 13579 13582 13601 13606 13626 13635 13639 13641 13645 13677 13698 
	}
	history={
		owner = FRA
	}
	manpower=110
	buildings_max_level_factor=1.000
}
