state={
	id=41
	name="STATE_41"
	provinces={
		150 213 350 469 549 591 633 635 697 851 881 999 1092 1265 1432 1435 1481 1567 1648 1653 1955 1995 2012 2044 2052 2230 2300 2330 2641 2673 2784 2821 3029 3104 3283 3427 4141 4207 4336 4478 4489 4558 4893 4977 5039 5064 5209 5212 5299 5541 5613 5729 5964 6175 6238 6259 6450 6837 6890 6961 7040 7115 7558 7667 7769 7784 8012 8162 8206 8275 8278 8325 8361 8441 8451 8459 8584 8693 9249 9343 9470 9577 9581 10106 10311 10343 10352 10403 10404 10723 10726 10737 10751 10756 10766 10781 10789 10801 10803 10808 10816 10820 10822 10830 10845 10867 10895 10896 10901 10903 10919 10935 10937 10942 10965 10976 10986 11017 11029 11075 11081 11089 11101 11102 11105 11134 11160 11165 11188 
	}
	history={
		owner = FRA
	}
	manpower=110
	buildings_max_level_factor=1.000
}
