state={
	id=42
	name="STATE_42"
	provinces={
		103 772 988 1465 1581 1591 1661 1719 2191 2770 3464 3976 4032 4056 4085 4174 4395 4439 4455 4605 4854 5032 5248 5423 5853 6050 6059 6082 6196 6257 6444 6501 6528 6705 7032 7141 7190 7238 7369 7374 7576 7596 7649 7655 8070 8191 8364 8410 8423 8610 8652 8698 9050 9706 9964 10032 10703 10725 10748 10773 10787 10792 10810 10814 10827 10831 10832 10852 10857 10861 10862 10891 10915 10918 10928 10947 10955 10972 11000 11013 11035 11063 11111 11226 11245 
	}
	history={
		owner = FRA
	}
	manpower=110
	buildings_max_level_factor=1.000
}
