state={
	id=48
	name="STATE_48"
	provinces={
		413 976 998 1000 1742 1827 1848 2157 2203 2406 2479 2482 2583 2635 2725 3088 3175 3265 3411 4072 4088 4402 4765 4791 5273 5474 5475 5626 5746 5889 5928 5969 6094 6399 6496 6543 6899 7140 7197 7233 7256 7387 7795 8294 8432 8509 9086 9294 9356 9872 10203 10228 10770 10800 10813 10821 10878 10879 10884 10893 10906 10911 10916 10940 10963 11025 11059 11062 11076 11103 11119 11123 11142 
	}
	history={
		owner = FRA
	}
	manpower=110
	buildings_max_level_factor=1.000
}
