state={
	id=49
	name="STATE_49"
	provinces={
		608 733 1247 1355 1357 1598 1730 1756 2468 2510 2627 2698 2735 2796 2940 3187 3260 3381 3432 3525 3537 4299 4301 4303 4342 4469 4511 5213 5340 5496 5535 5684 5724 6249 6799 6941 7264 7274 7495 7772 7970 8018 8344 8354 8546 8596 8752 8801 9177 10249 10384 10775 10794 10802 10829 10855 10865 10869 10877 10897 10902 10923 10924 10944 10952 10956 10966 10970 10973 10991 10997 11005 11022 11064 
	}
	history={
		owner = FRA
	}
	manpower=110
	buildings_max_level_factor=1.000
}
