state={
	id=5
	name="STATE_5"
	provinces={
		76 339 354 422 450 793 814 865 927 939 1223 1226 1905 1975 2183 2351 2362 2420 2516 2720 2903 3343 3376 3510 3515 3699 3890 4006 4025 4200 4312 4648 4735 4813 4820 4863 4964 5079 5646 5667 5736 6002 6213 6241 6261 6285 6367 6442 6445 6591 6670 6934 7121 7449 7493 7790 7866 8036 8195 8227 8236 8412 8480 8482 8580 8728 8880 8969 9051 9259 9339 9371 9474 9622 10333 10351 10419 10422 10425 10427 10434 10436 10437 10438 10440 10441 10446 10448 10454 10456 10460 10467 10469 10473 10475 10476 10480 10484 10487 10491 10495 10497 10500 10502 10506 10512 10531 10535 10563 10570 10576 10588 10616 
	}
	history={
		owner = FRA
	}
	manpower=110
	buildings_max_level_factor=1.000
}
