state={
	id=50
	name="STATE_50"
	provinces={
		30 331 594 960 979 1141 1152 1324 1471 1612 2182 2227 2343 2416 2499 2613 2754 3061 3345 3349 3717 3818 4134 4226 4278 4517 4983 5066 5151 5218 5461 5939 5963 6042 6087 6153 6481 6502 6572 6838 7253 7947 8192 8287 8342 8440 8592 8624 8655 8913 9022 9598 9612 9806 9986 10064 10752 10807 10823 10837 10838 10859 10870 10871 10873 10912 10917 10936 10950 10958 10969 10981 11010 11044 11045 11051 11056 11079 11100 11109 11159 11174 11182 
	}
	history={
		owner = FRA
	}
	manpower=110
	buildings_max_level_factor=1.000
}
