state={
	id=501
	name="STATE_501"
	provinces={
		13 19 29 34 96 122 137 145 177 195 220 247 273 349 388 425 458 491 494 507 546 590 593 660 661 664 666 671 687 706 726 779 783 786 868 905 926 929 967 1008 1017 1056 1057 1079 1095 1312 1372 1416 1437 1504 1536 1538 1626 1642 1676 1683 1705 1729 1752 1755 1793 1801 1817 1841 1957 1979 2033 2084 2166 2272 2276 2302 2523 2739 2853 3034 3127 3296 3475 3516 3594 3600 3602 3965 4354 4991 5135 5231 5402 5431 5657 5722 5770 5919 5979 5996 6102 6303 6315 6359 6436 6658 6964 7177 8044 8724 9111 9940 13480 14028 14154 14229 14271 14285 14297 14302 14308 14311 
	}
	history={
		owner = FRA
	}
	manpower=110
	buildings_max_level_factor=1.000
}
