state={
	id=503
	name="STATE_503"
	provinces={
		40 58 71 116 140 148 184 194 206 304 308 310 311 430 628 634 691 717 730 825 846 874 877 889 1006 1036 1111 1117 1123 1137 1322 1443 1480 1535 1639 1741 1771 1806 1833 1897 1907 2016 2165 2283 2358 2415 2424 2463 2538 2549 2730 2828 2862 3049 3084 3099 3190 3195 3259 3354 3416 3434 3558 4106 4175 4748 4770 4795 5254 5421 5666 6152 6360 6671 7043 7929 8106 8576 9093 9124 9792 10031 14289 14294 14309 14310 14314 
	}
	history={
		owner = FRA
	}
	manpower=110
	buildings_max_level_factor=1.000
}
