state={
	id=60
	name="STATE_60"
	provinces={
		78 498 932 986 1166 1314 1784 1818 1862 1914 1967 2229 2378 2413 2439 2569 2675 2838 3571 3767 3934 4515 4568 4587 4704 4831 4832 4939 5133 5157 5386 5441 6071 6168 6171 6174 6189 6269 6328 6477 6545 6691 7045 7159 7161 7262 7606 7631 8260 8381 8470 8722 8877 8978 9582 9807 9913 9921 10027 10172 10960 10983 10985 10990 11004 11011 11018 11030 11046 11053 11071 11073 11095 11106 11112 11116 11121 11137 11138 11193 11194 
	}
	history={
		owner = FRA
	}
	manpower=110
	buildings_max_level_factor=1.000
}
