state={
	id=63
	name="STATE_63"
	provinces={
		568 784 1379 1478 1832 2386 2562 2711 2823 2849 2858 2875 3203 3398 3593 3719 3803 4191 4297 4349 4680 4756 5244 5369 5448 6323 6364 6370 6659 6749 6757 7030 7139 7211 7702 7920 7977 8300 8588 8945 9056 9183 9201 9363 9399 9515 9628 9729 9790 9840 9903 9992 10066 10939 10953 10961 10968 10982 10992 10996 11001 11020 11058 11078 11104 11140 11141 11145 11156 11161 11186 11195 
	}
	history={
		owner = FRA
	}
	manpower=110
	buildings_max_level_factor=1.000
}
