state={
	id=67
	name="STATE_67"
	provinces={
		6 73 603 950 1189 1238 1779 1940 2025 2145 2146 2162 2286 2414 2605 2773 2819 2874 2989 3166 3877 3912 4304 4320 4366 4373 4617 4618 4761 4840 4950 5233 5495 5622 5816 6337 6848 6951 7007 7208 7250 7345 7364 7675 7727 7905 7969 8291 8317 8382 8390 8439 8705 8862 9286 9321 9334 9568 9586 9587 9618 9776 10010 10219 10388 11021 11049 11060 11066 11077 11082 11083 11087 11091 11096 11113 11128 11132 11147 11158 11170 11189 11196 11197 11201 11228 11229 11237 11246 11264 11334 
	}
	history={
		owner = FRA
	}
	manpower=110
	buildings_max_level_factor=1.000
}
