state={
	id=71
	name="STATE_71"
	provinces={
		471 607 690 729 1162 1225 1364 1388 1418 1569 1643 1846 1932 2098 2465 2650 2984 3075 3586 3783 3868 4308 4585 4636 4676 4740 4821 5098 5436 5854 6465 6580 6599 6754 6845 6901 7227 7609 7728 7870 8146 8223 8285 8379 8579 8679 8774 9241 9402 10058 10083 10086 10170 10177 10321 11023 11047 11092 11135 11153 11169 11198 11200 11231 11240 11251 11293 11294 11317 11345 11362 11377 11405 11428 11460 
	}
	history={
		owner = FRA
	}
	manpower=110
	buildings_max_level_factor=1.000
}
