state={
	id=72
	name="STATE_72"
	provinces={
		807 821 1434 1646 2136 2147 2265 2335 2505 2535 2536 2937 3141 3462 3817 3982 4111 4217 5051 5292 5509 5561 5570 5836 5897 6088 6225 6287 6586 7075 7334 7706 7745 7845 7952 7971 8002 8010 8217 8636 9016 9153 9638 9694 9942 10009 10039 10047 10169 11003 11067 11098 11099 11129 11148 11171 11180 11183 11191 11203 11213 11220 11235 11249 11254 11272 11277 11288 11298 11325 11359 
	}
	history={
		owner = FRA
	}
	manpower=110
	buildings_max_level_factor=1.000
}
