state={
	id=73
	name="STATE_73"
	provinces={
		265 622 771 945 1338 1509 1900 1969 2095 2152 2261 2367 2428 2503 2806 3399 3466 3540 3757 3918 4751 5086 5160 5555 5591 5847 5975 6267 6549 6808 6914 6942 6962 6977 7226 7314 7534 7601 7617 7632 7849 8140 8152 8442 8711 8768 8775 8926 8986 9000 9032 9196 9225 9440 9552 9958 9978 10015 10216 10310 11042 11072 11074 11126 11133 11136 11155 11177 11206 11207 11208 11211 11241 11253 11263 11275 11283 11307 11328 11344 11384 
	}
	history={
		owner = FRA
	}
	manpower=110
	buildings_max_level_factor=1.000
}
