state={
	id=76
	name="STATE_76"
	provinces={
		134 499 826 890 1289 1472 1727 1735 1910 2074 2090 2271 2298 2333 2477 2901 3523 3625 3766 3928 4054 4064 4158 4329 4331 4390 4423 4674 4892 4988 5874 6508 6811 6814 7290 7322 7404 7460 7873 7957 8076 8297 8695 8809 8931 9148 9166 9292 9608 9623 9681 9724 9745 9764 9933 11168 11190 11209 11224 11243 11244 11257 11269 11271 11284 11295 11301 11308 11337 11342 11350 11392 
	}
	history={
		owner = FRA
	}
	manpower=110
	buildings_max_level_factor=1.000
}
