state={
	id=83
	name="STATE_83"
	provinces={
		884 1510 1647 1923 2149 2748 2902 2930 3072 3164 3447 3694 3712 3764 3776 3905 4052 4180 4575 4856 4876 5278 5440 5457 6452 6604 6797 7191 7265 7384 7750 7874 8109 8163 8183 8550 8873 8937 9004 9042 9135 9447 9917 10076 10171 10259 10280 11167 11173 11187 11202 11219 11227 11256 11270 11279 11280 11305 11319 11336 11339 11340 11341 11353 11370 11373 11375 11400 11413 11476 11501 
	}
	history={
		owner = FRA
	}
	manpower=110
	buildings_max_level_factor=1.000
}
