state={
	id=89
	name="STATE_89"
	provinces={
		378 573 1037 1200 1248 1301 1351 1377 1531 2425 2486 2636 2640 2758 2793 2845 3095 3101 3169 3357 3433 3565 3668 3680 3686 3836 4286 4523 4709 4799 4812 4843 4847 4917 5008 5330 5415 5416 5434 5538 5621 5755 5937 6034 6309 6432 6600 6665 6881 7311 7388 7457 7507 7527 7717 7722 7764 8103 8311 8315 8511 8534 8735 8745 9278 9832 9949 10060 10242 11262 11268 11285 11290 11304 11326 11335 11347 11408 11409 11411 11481 11492 11513 11545 11553 11562 11563 11592 11621 11631 11640 11656 11679 11792 
	}
	history={
		owner = FRA
	}
	manpower=110
	buildings_max_level_factor=1.000
}
