state={
	id=97
	name="STATE_97"
	provinces={
		41 75 109 135 233 299 542 1191 1197 1313 1346 1616 1824 1964 2019 2066 2110 2197 2205 2247 2254 3229 3316 3499 3527 3579 3589 3791 3949 4306 4319 4645 4762 4914 5021 5116 5311 5427 5438 5447 5699 5710 5980 6284 6291 6306 6393 6415 6422 6610 6779 6936 6982 7077 7156 7429 7543 7731 7787 8020 8110 8256 8296 8345 8443 8465 8475 8476 8689 8810 8811 8923 9008 9085 9109 9157 9212 9226 9290 9349 9508 9605 9630 9640 9758 9907 9959 9965 10121 10190 10201 10247 10273 11310 11332 11404 11415 11432 11437 11438 11442 11448 11458 11466 11472 11490 11495 11500 11505 11516 11522 11523 11544 11565 11583 11612 11617 11618 11622 11623 11635 11636 11641 11642 11687 11692 11704 11723 
	}
	history={
		owner = FRA
	}
	manpower=110
	buildings_max_level_factor=1.000
}
